3299
7247 10445
8807 6808
9440 1746
12550 10469
8745 2901
9419 9885
5884 9879
3627 8617
2107 194
10512 5024
101 1623
13155 10331
6167 4986
12602 5486
281 3606
3026 2358
1889 6023
2803 305
8147 4720
9414 7351
2856 11511
6811 7174
8817 10432
2224 4949
6511 172
11382 7117
4653 11150
5686 10988
12669 8489
6420 5423
2794 3184
8783 2320
12812 4874
5288 10017
3784 7033
4523 10155
4323 11102
3590 12121
8863 8426
12336 5403
7150 3387
11270 11747
9151 3076
5610 8002
1178 937
1460 2533
12637 8360
10926 2456
1749 7241
4964 11266
1879 8720
7112 3189
2966 4648
8170 11619
9138 12309
2248 10966
6476 9037
9697 1330
11840 3147
5883 2949
1485 3665
8210 2201
12793 1010
11409 3912
598 10308
7140 6014
8279 5480
8687 4546
11092 1727
4242 5979
7470 11031
4589 11796
2087 628
3372 11452
1743 11018
12709 8071
9048 6211
508 10196
8790 51
7361 9963
5931 8454
3080 9860
640 2022
4545 12224
4445 8960
6409 5967
7682 5291
8537 9154
11685 1991
8392 9055
2319 12827
10074 4485
5125 12232
1639 6756
2461 4344
2040 9607
365 2020
9475 3892
9386 4757
1767 11
8086 10204
12665 7482
646 6967
5264 3938
5640 5934
3815 3405
8310 12997
12778 39
4275 2628
12961 11959
2301 6826
6751 6683
9965 7493
3335 11249
11719 367
9620 5683
7861 1640
12229 11591
3833 10268
6663 34
4608 2860
11378 2786
11782 2139
1363 9219
7601 5818
3438 5969
5422 3653
8824 1603
2941 9516
5172 9358
3441 12957
2082 5665
11339 4379
3311 1228
38 78
7280 5454
4167 8666
9470 8199
1610 3523
3139 9555
12597 12589
3495 958
444 8502
9950 3867
3662 12083
8734 12495
2477 3601
3745 12625
1993 4282
6317 6252
12174 7842
6629 11228
8675 11205
3872 9650
3751 9973
12026 1565
7693 4786
2616 9777
10547 12767
12848 4314
6326 5748
11335 10440
4970 8157
9075 6287
4087 6719
2206 5055
12703 3577
10686 3525
10409 4253
2981 9542
5879 1649
6009 9862
9222 9224
395 1163
12206 11814
7560 1762
5168 1238
3350 10858
7263 7421
10536 12928
1302 5808
7088 8069
12667 7604
7419 982
9238 946
1298 5754
137 4917
11345 12353
12231 2085
11261 7021
1779 4868
12613 1981
6555 6606
2979 9601
9987 4132
8549 8830
11888 10683
6152 9731
2626 11290
3346 8688
12924 4217
5094 8351
9057 10112
665 5384
11681 12729
6057 687
3528 2221
7184 2128
12958 5807
8833 4156
7564 3720
7764 6904
7285 8194
7840 3316
3489 11568
161 2078
6725 1450
5044 10680
11286 6849
10739 6660
11873 6912
12734 9521
1832 11770
5534 756
7110 11113
1085 3043
12009 7685
2279 10188
11751 5110
4764 6305
792 12988
5370 4971
6391 6764
4484 6017
8340 9494
2892 12400
2745 10841
9246 3297
2256 7889
10823 8780
1948 11439
3610 8274
7610 10407
9826 12019
11794 3955
2003 3400
5812 7622
12540 7821
7394 8600
5607 6329
9513 206
8085 9916
4134 6470
2977 3575
214 551
8110 8857
1892 7620
12134 1875
12280 10884
6841 12555
5757 11679
9763 320
12776 3452
6710 1378
6377 3509
180 462
7258 1402
5248 7209
5796 2625
3119 3081
11733 4187
12403 9467
10814 4645
6654 10427
801 8124
11655 6786
6848 3552
4792 7653
3129 1648
8716 8743
4430 1456
9918 7405
9140 9676
3839 8214
321 10832
2225 10834
8918 2840
11342 10497
1288 1825
4524 6642
9484 1973
3649 8212
6610 6999
68 2393
8693 8020
6174 6614
686 2798
11636 9708
2442 10027
5872 11379
2432 6969
1315 1581
668 12697
10078 3176
9645 3838
12407 7186
7594 5749
9450 4737
10081 3138
7826 7003
9614 10788
1820 2373
5614 8544
12051 11817
10918 5559
3268 7527
13142 12314
6983 5404
2109 2416
3225 8111
8010 2443
9683 7763
885 5472
4476 12572
2420 3475
11458 11082
1075 10762
4479 12964
72 3143
11570 5453
7711 417
2391 10395
6067 5244
2990 6927
12864 7742
2056 9793
8221 5842
10702 433
10734 3667
1637 1134
5929 8995
2678 10796
6207 4166
3735 1959
6803 1012
1335 4871
11431 7315
1091 1401
3412 7698
10043 3449
5183 10517
11269 2952
8345 1360
8395 5158
2353 2604
6918 11690
2551 4489
3795 11316
7880 12214
11455 739
10611 1090
11886 9275
12953 10733
5113 8787
9857 12656
9832 9736
2666 8878
9628 10974
2101 12509
7120 7259
11006 2149
12330 3047
4740 5231
5232 4635
10627 3837
5945 5648
7443 11057
3458 7129
10523 2607
7297 3977
6868 6495
648 3142
11108 11017
13026 5224
3127 7108
6387 9657
12921 1708
3155 9328
336 600
974 1874
10003 12808
590 9863
9185 9016
10022 11120
5768 8630
9211 10033
5637 1113
7755 9539
1665 1397
10404 12618
5159 6597
6425 3375
1926 7153
3957 12348
10462 7964
9897 9768
7227 7546
3188 9158
3374 7709
7025 12298
8424 11291
5709 6787
7759 5984
8971 4051
4393 2459
1984 9829
6249 9410
3979 8033
11633 1540
466 4442
922 5086
758 11201
5586 2972
2992 6235
12271 3633
7628 4528
11871 1277
13073 9327
1838 10591
6072 12954
1908 12609
8055 7282
4800 12390
146 1856
9248 3519
4175 8529
1328 287
8474 12711
4009 10816
2001 503
403 7407
4761 11426
6671 10115
5195 1111
13077 2769
9319 8346
8246 5427
4118 12772
9216 9556
5612 5047
6253 10413
11929 10628
2264 5296
5552 2303
4219 12651
10800 10110
2774 10020
4210 3272
2816 105
5899 11804
6779 438
6726 6361
10820 1863
8966 4952
8080 11750
3531 7953
12593 965
856 2888
11500 6753
9523 3989
12731 2998
9297 7175
12983 7608
7790 10222
6166 12841
8572 11323
6217 5973
354 2251
1476 3314
2716 11651
1575 5413
625 10928
8547 1757
1866 11686
9981 7930
11894 10906
5846 9107
12427 2896
11191 6799
7429 6021
528 5655
10921 4904
11280 3169
7851 9416
7777 1218
11626 2610
5126 7629
9912 1297
10294 10280
1139 8731
6349 4887
1966 130
3233 5121
8255 7696
11134 11887
599 9630
3546 3878
2381 10582
11902 1261
4603 4804
7835 6357
6720 534
2844 8026
7678 3327
7891 9861
1017 831
11579 8967
309 10753
5791 12058
12556 7986
782 1554
11927 3941
12599 2693
6032 11705
773 3467
12521 6747
5292 3170
12216 8856
1724 4820
11953 6793
11334 9308
9893 12176
10507 1667
4666 10922
6260 7109
2237 7189
97 6061
8910 12358
9623 10245
1555 7652
9332 3013
11189 11758
9931 7625
1252 10597
10134 4538
622 10769
12788 8338
7668 12359
7744 9570
10238 11708
12792 119
7391 12331
9444 5409
8656 1731
12829 145
12159 268
5033 4994
6056 4857
1970 1855
10856 13030
760 3406
5176 7219
2965 8555
11903 2057
6922 4902
8253 645
12391 1579
8539 4888
8497 1099
8518 6310
2350 447
158 2702
12533 3389
5569 8561
8101 11241
3520 799
11957 12419
12285 3373
631 13086
5784 8883
2755 544
11604 12629
3069 7246
10505 3591
9514 357
961 3426
2598 4760
3098 4017
1375 2403
7980 10797
2642 5894
3460 11766
2756 6855
8569 7750
10000 10152
1530 4593
8567 11905
8846 5797
10357 11851
3767 2086
11176 3293
9190 10439
3157 5704
5774 12367
5377 4692
2569 3332
7813 9452
1020 399
338 5364
9637 3565
2414 3319
7303 2876
6491 6101
10383 6697
11981 5249
4805 12879
11837 4003
906 3186
5386 6076
9806 9868
3873 7134
4222 1487
3841 6370
12488 8823
609 3453
3283 3762
2095 98
3625 7877
11976 10223
179 5070
971 88
3279 5289
11015 3589
4865 6509
5359 4237
11524 477
1691 5811
12476 12431
12528 1358
6944 4392
3437 9438
7255 11573
5911 3019
8245 1786
8268 9772
12197 9280
6860 3623
11620 2544
4386 8093
663 3866
9295 6857
349 4071
7352 12524
770 5438
9070 6601
6486 2958
3164 9547
6503 9974
3844 12853
13054 5482
8595 1986
10861 6643
11790 270
10006 565
11114 7584
3953 9898
2667 3118
12076 5177
3232 5
2161 1342
7952 9635
12774 372
7085 2473
6197 13114
191 5385
5194 8275
1816 12574
11087 6950
6822 11081
8438 5124
13027 7188
11713 1056
4795 2950
2395 6813
4454 11614
4402 3858
6375 3100
1699 2834
12993 7778
8316 4813
10378 2581
5937 9212
2619 11135
11646 8887
4265 12750
4781 12813
1534 1082
1037 12800
2760 3603
9884 4223
984 7607
3998 142
2115 4483
3339 5975
10844 402
11127 1042
10989 1915
3468 6875
9642 2038
7431 3052
6903 9015
11847 11884
5854 4863
244 4169
3141 4394
8128 10526
7945 3548
7686 2368
11183 3193
5240 3200
7095 10213
9805 5250
2079 6713
1279 12672
12581 391
8528 3609
8089 4697
5527 2164
10700 7530
12287 12
4300 1605
12399 3692
279 6993
4746 12350
1427 4539
2917 6434
6037 1653
2062 918
11642 1095
9353 7757
9111 8513
567 7484
13015 13087
8034 6190
6289 3380
556 12627
11932 9115
1913 3631
6688 11992
7646 9202
3340 11235
3320 7579
2752 12621
436 11552
7836 3671
10465 5233
3922 12564
6163 552
4204 8718
5790 6549
10498 10370
12322 2377
13107 675
7057 11197
9791 10697
705 5509
10898 3602
2070 978
12217 574
5151 12753
11338 4319
5633 2982
10624 312
143 4527
6853 1024
10459 3952
10389 9208
3608 7299
13052 5878
9485 5071
4224 10682
12516 11477
9552 8053
11757 6160
4260 11678
11220 8664
8896 358
9808 9867
5049 1591
12911 12970
6675 4689
6828 4826
12647 6539
10474 2861
8273 10623
4199 3166
10714 12916
4742 9782
8481 12824
5649 8737
12414 10880
1281 11630
10355 6371
182 7688
11174 11281
5344 3146
5715 5770
11874 8036
7745 4307
12060 6522
11165 1280
1299 750
6418 8333
4076 11480
12745 3144
5863 1273
8545 9664
7347 1307
9786 12398
3816 6233
4243 12893
2739 7848
12659 12246
8670 3818
5205 3622
5221 5578
5208 1572
7888 6533
664 5821
6866 8305
7824 12090
5165 6618
10641 3773
7800 2310
4266 10653
11482 8499
11987 7388
12324 9558
11016 11497
8711 2266
11022 12137
12759 9543
723 9371
4117 6930
4285 5830
10576 7202
8636 7677
4592 7455
8052 12049
4770 9454
11823 3113
11671 8534
7823 10633
6582 1123
200 2361
5096 4428
9707 793
10818 3639
9937 11133
4847 3789
4119 4899
5120 2417
11913 9086
10053 12891
10114 9966
5212 7615
4599 8889
1325 11508
4453 5082
5771 6878
9853 10142
1898 3973
871 11419
454 9035
2007 6711
7068 4626
10993 5310
8304 4755
3363 2939
12160 6248
7673 10675
7052 8574
31 5593
9934 8434
175 8158
10799 1917
4309 2000
610 2661
694 9527
6757 802
5680 12857
4644 7191
6536 6064
4716 6975
11870 12288
7072 2207
2873 6299
8051 11792
4365 4387
9654 9148
9525 9424
1549 6340
12378 6307
11279 8374
5050 1451
3419 11661
10104 11359
10570 5859
394 2946
4604 8058
7270 5060
12386 6380
5905 10298
5045 9451
390 1824
1865 5489
6956 11430
12877 7753
7362 7793
9176 13128
11830 4312
2229 2027
9490 11717
5923 10365
2002 8120
3588 238
3004 8112
2430 3716
3408 12077
11710 1001
3708 11699
12025 9303
12752 9517
11084 1324
8708 3976
2317 9507
3814 4180
9203 5007
11388 6082
7950 7471
4867 10738
1334 13116
4979 2422
2723 12818
3377 2296
8632 8133
8409 5189
8909 10487
1258 3534
7060 7830
13147 7406
2433 6090
4439 7201
4973 5629
7956 1181
11533 12985
9017 10837
1475 593
8791 1205
10007 892
5956 5141
7767 6496
12068 3542
1060 8443
12316 5496
5193 1690
8599 7874
62 4487
11895 195
2743 9204
7921 1585
5801 5433
10899 9368
2287 12480
8554 3236
10535 1823
9269 9564
3313 8911
10002 10414
3558 691
10375 3930
6114 9990
9739 10068
8968 12795
3877 471
8278 3986
9846 11414
6282 6957
12481 6383
5783 10917
8704 11946
9417 8532
10244 7862
10831 11675
3448 9009
1044 4939
11786 2654
10658 11485
13020 11695
10806 3703
6824 11596
10860 4983
4012 9465
10254 1798
3819 460
2717 3943
2029 5243
3267 6552
2523 5628
10663 9838
11041 383
10768 6611
11980 6474
3984 9606
1950 6091
581 8432
5398 836
12332 12566
10343 2515
2912 12307
12462 12678
1502 6777
507 7906
787 3235
2543 6913
4951 4082
9020 398
11942 555
8864 6223
5317 10969
8261 8638
6352 1704
2664 5792
12603 6447
3770 13009
1388 3431
11260 342
4390 5332
12490 10090
4919 5802
9577 10934
4817 4735
2828 11099
5657 10664
12428 10847
7195 9720
2887 5162
364 10833
11562 7715
12855 8168
2205 170
5838 10137
6102 13072
11996 2014
3095 810
3879 4618
2288 9919
7276 987
9318 4363
11248 7988
4701 11915
6342 7543
9835 9827
11461 7306
13101 10556
5023 4594
7475 4256
10805 1852
11514 3711
5309 11975
6410 6348
9559 480
9762 2984
7770 3071
11507 5903
7785 5517
8162 8559
7122 8430
1524 8562
8127 12690
5800 10156
9891 4408
5035 9489
11185 1660
6231 6980
10106 12890
3783 1289
2176 10555
11654 6765
6951 7925
4982 5103
3926 6842
4659 1697
8483 4432
12167 1214
10359 6403
12215 12628
79 8176
8805 5503
1368 11698
6979 5820
2721 4031
859 2634
7 3281
2884 3326
1871 10551
9347 4192
9625 5570
10057 12517
6690 11352
2050 6015
4154 9023
3874 5437
11358 4227
6475 851
10613 11738
115 9492
382 9432
6416 7098
6261 939
5295 4209
10501 5241
7355 11212
11812 12860
10491 11376
11088 5955
13016 1092
2265 4802
12145 2773
10132 8357
9225 9535
10261 10839
1404 11068
3397 2425
5135 7606
10589 3276
6534 1156
11648 12383
2463 9325
8899 8005
11398 7933
11236 1103
7337 12257
2612 5646
1582 12472
5678 9759
11078 7613
12202 8706
2708 1510
40 12503
2325 6417
11126 6262
7043 2835
4416 12128
12161 42
6100 2178
2605 13082
731 12765
11623 1768
10580 12032
10903 2094
11209 9284
5906 2865
9466 9685
11920 11977
5056 6861
8476 5379
1828 8694
12300 2855
1199 8901
12534 5904
2154 11073
1925 1778
10808 6923
9433 2706
9071 8096
4146 10846
3804 13041
12125 6805
12225 1147
5676 8288
8793 8516
8291 5551
911 5140
6852 9266
2084 12067
3628 6458
9617 10821
5173 4248
9256 7277
3446 7959
12003 11363
10153 5353
11039 3503
10346 8977
7135 6360
3547 2983
9745 6464
10855 4376
4022 6670
7894 7967
8744 6041
1713 7917
2575 451
1801 4235
8894 12901
1516 9587
10450 2365
10726 12804
7537 8800
6373 11021
9232 12362
8981 10302
3875 9906
11337 9288
2674 6139
4308 10468
4440 3016
9279 8335
1715 4679
11100 8928
5738 11965
5420 5478
6353 13151
2618 4793
6899 5841
10072 882
2527 9083
1848 12590
3545 10553
9669 4469
9941 1387
5892 10790
3948 12388
5305 12102
1040 9993
8576 13091
612 12410
12036 12653
5378 7478
2988 1901
6840 9291
11793 2299
2183 1519
12193 6507
714 795
12895 874
5871 344
11663 10804
9335 4291
9177 4696
3286 9928
9381 10485
7947 12978
4195 2938
3075 2092
7684 8564
7243 3604
341 1669
13000 6200
2567 1424
5777 4325
8408 13110
5293 474
4842 1416
9313 4303
3898 1187
7958 7233
5412 3227
6830 4773
7185 6328
9193 3474
1753 8146
6783 9755
5671 7176
798 4490
1894 7707
3089 6192
682 12754
7012 8834
2563 6311
5643 10232
9167 9480
6376 8838
2011 9477
11616 2487
9778 6465
3159 192
10810 10537
3999 3755
10983 11372
1550 6136
5669 11652
90 10368
5256 9591
12263 136
2339 2741
5299 3782
2332 3012
2133 1864
11309 12155
1405 9001
8653 13140
8681 10455
5301 7837
2971 2415
8772 9380
8861 3386
3688 12411
488 8854
10195 123
255 5514
13069 11653
4404 12532
10277 1101
8451 1578
6537 8629
11541 4730
4703 5074
4035 6036
3725 9394
1843 6404
11450 2437
4903 1131
7876 11163
10615 3992
8957 2931
10060 4611
10210 10247
13121 4875
169 11396
5323 7515
10629 11374
667 11364
4010 4551
10088 4327
722 1437
11375 711
4724 6437
227 10848
10091 9078
374 9502
2448 5805
323 2281
11990 10996
4536 13038
8728 9036
3494 3010
1080 11318
7302 3920
8320 1171
7675 2740
5951 6953
3793 9365
1583 4498
11285 4705
1431 7486
981 12907
11304 6498
2850 11312
8618 8135
11883 806
6996 12318
12494 1241
7190 3177
6346 11670
6055 3190
1073 1367
9955 10666
8496 5604
7691 9701
7212 6156
11933 6440
2751 11893
11749 8657
12412 3203
8067 5716
9921 7642
1345 4620
10703 3656
10698 8647
9121 6424
9346 2215
6863 7965
3065 3788
5002 8667
12351 7378
8785 11822
2345 5510
8959 6906
3087 5374
9144 2047
10342 11906
4655 5228
7446 2817
6672 10183
9031 12749
4339 8998
9214 6620
3399 4927
3085 7572
3291 2763
712 12101
1459 12343
5304 3777
9839 8764
3757 2160
7655 9926
9285 4159
9178 3414
277 3826
144 6449
139 8813
11843 12747
4944 11784
9910 6268
3476 2118
11184 12859
2591 7521
607 1068
4027 6270
10470 10902
6459 5725
2210 9748
9610 2468
9230 8557
9812 2986
1593 6436
11853 1162
1957 256
12039 4943
10604 4531
5253 5368
3028 2823
8287 12619
1969 12903
133 2072
2019 1601
12439 74
11963 9754
7730 6291
2895 7445
3887 6954
676 4019
8144 13134
9242 7169
4213 8082
215 2859
1989 2498
1602 1054
10673 7089
9162 7253
6694 7669
964 4651
5336 1884
4510 4173
188 4682
7957 10141
12722 9529
12233 11020
7075 6700
5794 410
3329 9034
12789 4474
1495 1882
8613 7428
952 4504
5312 10540
2300 8353
3168 2539
8179 6185
11259 9612
7746 4463
9500 5298
7716 12326
4321 11917
5458 7422
6515 7359
5819 5697
11553 1895
8442 128
9390 6991
9448 10566
11188 4444
1380 8729
3359 5073
3425 6221
6010 9064
11115 11194
3567 8535
10451 6134
12497 9231
10981 12601
1444 5547
5209 7344
2119 8060
11658 6294
12347 6501
9561 8541
389 11074
12415 10876
8390 1750
7027 11494
12345 1047
8835 8468
4989 4995
1032 1311
1995 8182
1385 7356
47 11574
10206 11383
8029 10358
9373 5254
559 6902
10224 8311
8057 9980
8056 1815
12882 1152
197 2660
10600 5424
8248 2646
12717 2378
4021 8732
6573 1000
7142 7791
8037 296
4782 8622
12417 12968
9044 8269
919 11730
1967 10013
1862 1949
7051 1598
8172 11608
8942 4020
2656 11760
988 10496
10391 12971
3719 5381
3158 8965
8119 12089
6876 6123
3731 10267
10862 2348
840 8008
10381 4676
94 6960
11718 9524
12461 3876
11828 536
449 3017
6412 10001
7820 8259
2423 985
12256 6170
12470 3961
9413 7182
11502 7864
12962 5511
1742 3538
5566 3224
5661 4241
1132 2449
9855 7941
5868 3125
5501 10176
4184 9788
3275 8215
6754 1166
11195 11527
8021 11943
5490 2315
1961 945
5987 1015
4410 6466
1506 1344
6562 10424
2363 8449
6448 1732
6194 3051
3136 7805
11033 9306
5041 5735
8222 5798
11211 12017
5959 3391
3729 5276
4878 7291
8849 12558
8380 12468
2 12975
1682 7154
11645 7343
2614 11395
111 3352
8262 75
4182 11346
5109 1606
12317 4798
4264 3672
12623 7178
10552 6454
7319 745
7936 7597
4827 11997
7893 12170
1102 13103
11311 5605
1861 12371
5549 5849
10193 2524
8352 9289
7158 7870
7029 12078
10435 6356
4441 4601
4988 11510
6290 11528
5008 4832
11578 6122
12328 8584
12679 617
13136 9301
4825 10651
3802 6396
905 12153
4646 3524
5719 12150
1976 3121
9429 329
2323 8771
546 2100
1698 1791
10888 10802
5431 8139
9864 9982
11157 9518
11496 8626
8007 909
10305 4391
7516 6988
8315 2123
4849 11215
8188 1411
9859 7994
9324 2469
2627 10742
8881 5052
9959 1509
12105 7561
3435 7488
7369 6359
11273 10757
9129 7215
3196 6997
7644 7885
3600 2546
3086 2407
8917 9241
1373 1379
12607 12835
10242 924
12986 6018
2691 6008
6581 4348
7304 917
9449 2146
2143 998
5861 10366
5573 4834
1246 999
10145 1313
6188 3982
8620 2772
10449 2435
10016 183
7348 12303
7539 1999
3156 9583
11472 12248
1118 235
8974 7838
4103 1552
3643 8503
9988 7700
6513 9339
9888 8684
135 7723
2374 9124
8241 11326
2937 7071
8140 9271
10609 2640
8437 12541
6256 434
10533 12959
11836 2184
10593 12308
5481 641
4840 11764
2083 475
1907 7390
7474 4787
7974 13065
1733 8585
1945 3907
531 1062
5831 12843
642 6065
5817 6239
1997 1792
12935 12154
618 3338
3823 8465
9081 7328
846 6280
2074 11301
8227 7991
9608 12352
764 5203
9652 8829
12658 10127
8769 4191
4283 7124
8873 6487
486 4877
9168 5785
2398 3917
10745 12092
19 13106
189 11741
5525 9133
3766 5410
9824 8903
5319 3343
4493 4249
1418 455
7963 241
1245 11153
2136 10518
9305 5160
3246 8609
5737 5338
7266 4690
10374 174
8975 3756
724 12677
3699 1835
11330 10111
9553 4915
5751 688
11606 302
5651 4624
10019 7545
2090 8406
3599 6500
10348 11862
4683 12508
2519 10622
6825 9749
2659 11384
579 4080
4288 4334
10126 7032
9463 9155
12409 1035
7574 12204
5713 3741
7041 5860
2637 6343
10276 3360
6691 9481
2886 11387
11878 4322
7899 12913
8369 8373
11584 5038
10870 11753
3041 9187
306 1465
11763 5983
5548 1985
1346 5641
5090 421
11035 5216
5613 9060
8877 3514
880 4898
5380 6796
184 3516
781 12894
11938 385
1477 4809
7437 4023
3939 8322
2985 4768
9624 7044
8125 3384
7339 12723
8775 12884
634 5075
8208 1672
12586 6600
5161 12023
3006 10227
1827 9066
4267 11040
901 9638
1616 932
12057 4233
7639 2309
3540 11307
6836 164
797 10515
7562 4157
10231 5673
8952 12127
360 3830
3794 12844
11131 36
4373 263
3131 8252
585 7937
1078 5598
2613 7618
4297 7211
7329 7136
5034 12784
1390 8332
5740 13144
653 3410
4978 10761
7454 10423
9984 5602
761 3891
5019 10259
11924 5504
10795 2715
5687 6093
4194 1764
3105 12379
1722 9188
814 8494
4252 1978
7403 3569
783 6972
10743 7349
322 11944
6943 2383
4110 5954
3990 10560
5769 7865
829 10200
6384 4121
9704 8132
910 11440
284 8467
1407 2932
10809 9098
8308 5881
1794 12223
12450 8062
373 11535
9127 8792
4143 10575
12640 4694
1285 1290
4790 4699
11435 3021
5579 8347
821 11495
6812 4860
10756 3310
7114 7002
13063 83
11216 12255
9715 5396
4097 5766
983 6331
5532 10610
6649 9501
7754 12433
11982 6478
6052 10603
5466 11491
8077 6617
4437 4956
5088 9634
2157 2470
12377 13078
3199 11425
29 2675
9817 201
2767 12790
6085 4672
9397 9340
9725 4571
889 2529
4475 9705
8912 9460
9142 10687
2991 8130
9117 8770
10760 10767
2262 586
4852 6385
10694 5707
9251 12923
6844 5399
4597 479
13070 8651
11723 1888
4011 11091
6173 10237
2253 7308
3145 6469
1209 7477
10749 7783
1086 1055
11090 4806
1990 1223
6334 4424
10625 6109
9407 7721
4137 5062
7983 6932
11709 4656
5555 5591
10362 1
11797 9914
3842 649
994 4613
6603 110
5150 7536
6208 973
7997 1631
7312 6609
2491 5675
8145 2653
2737 12906
10667 9794
2630 7672
9655 12381
2277 5391
5998 8234
5961 3915
7288 12705
3539 12972
1641 4052
4004 10618
6407 9123
258 11071
4963 1074
3194 6392
2935 3018
9257 5952
4420 2641
1580 1333
804 80
621 6165
5939 9101
6319 9443
11013 1414
743 6
8153 1211
3220 5584
11621 11243
2677 1359
1135 8283
6212 597
6989 2453
3637 10281
8174 1940
71 9849
12315 8596
3550 5039
769 11815
11292 1140
12565 6059
8990 218
11519 12686
8956 11597
4350 7654
5175 8362
9549 11089
2244 1013
1927 1196
3786 12955
3053 11417
6523 1576
11972 1408
8376 1595
11244 9886
4317 3173
10612 1507
2438 2349
249 10763
9000 7490
10558 9184
11412 6043
4591 11647
3231 9287
2429 2615
9312 7844
6815 677
2663 276
10008 2241
10076 1089
9054 2995
7551 3059
12866 109
11639 2494
790 5753
12814 5775
2475 6201
7371 8635
11182 4381
2409 12487
3020 187
7372 5485
3805 11672
8023 4957
8614 4042
12203 1283
1188 576
9165 5016
2805 5436
450 5746
10071 12338
1542 43
11602 26
3182 9234
8604 4395
6882 11506
9033 2362
11848 9653
7171 8724
2290 307
2406 11776
10303 11282
6187 6881
5664 3871
10070 11355
8383 2969
4406 2235
9161 7853
8548 7553
11394 2697
916 12649
9077 11866
957 10849
6199 6313
6169 7283
12366 848
12420 1634
6738 3349
1203 5079
3262 1230
3318 8387
7412 6445
2076 13139
12500 8487
12562 9667
12661 6750
1224 12435
3863 10248
1217 6571
4139 12809
4698 4858
7018 1184
3008 11443
9089 9935
7762 8816
6047 1559
10661 456
6390 473
8412 6556
6645 3578
9076 10233
1124 207
5761 8509
8137 9137
7808 7650
6706 8759
10480 231
11464 11589
9889 3967
10264 4016
956 6137
7416 8730
7230 8456
12838 1668
3033 7296
12611 9892
7451 2169
5636 3241
4465 7563
10953 2997
8615 514
7528 5261
3508 8676
10384 8530
5382 6225
1225 13034
1703 6462
10100 11617
204 1410
4980 5322
5599 6652
2689 540
7690 1763
2849 4190
1036 4460
6684 7465
11221 11456
3424 11787
10747 2918
2832 8006
4364 1508
992 11145
10315 8258
9875 2584
6394 7598
11008 6154
4584 7914
12451 571
13017 2140
1027 4509
2159 3312
3055 7473
9599 5089
10975 12863
5743 4005
1588 1322
6888 1369
1458 8866
6540 562
8571 57
4098 5968
715 4520
11735 11513
6243 6892
12011 4948
5169 1772
11498 13129
8624 5621
9281 5907
12624 7127
459 3214
4411 8191
1923 10592
9254 103
4488 12744
5014 12173
7772 10379
6452 8381
7330 6896
6468 9662
12648 1577
2145 7461
1636 1168
5415 4208
11002 12673
2735 7180
11389 11470
484 10852
3398 6117
8159 10473
10411 553
1628 4343
313 8435
510 6740
10014 12965
2512 9472
11085 8398
1154 12114
5674 10015
2291 921
7552 10149
1321 2960
3247 3586
10461 9412
6978 1371
3618 10830
7995 12946
9961 245
11739 6378
8637 7402
12278 5533
11901 1912
481 5840
3270 11960
9986 6003
10731 3334
3084 729
791 7576
3072 10035
4667 10932
7513 10211
10740 10463
3668 10024
4779 12059
13102 9834
3660 11618
2993 4704
7809 11978
2580 2709
7398 6181
855 3364
4965 7839
10503 9226
1127 11785
428 2506
11442 9780
4092 12595
3691 11891
10214 285
348 5980
11350 7648
6146 6053
5163 12299
1777 11984
2748 3195
765 3090
13117 9936
4848 7082
12810 376
7645 10659
11029 5005
12592 10607
1384 4631
3832 689
12449 9663
7393 12272
3288 4894
5688 5447
4861 2570
5855 5758
2009 8948
7248 550
9699 5574
6554 2439
10332 8126
12221 8365
1097 8048
2824 7740
9639 7458
7508 6254
8625 2852
2261 2217
6741 7311
11799 8812
5993 2005
545 10220
199 6364
2412 8099
9895 7435
12674 10124
11310 2862
690 512
9985 3526
6961 993
2658 613
6125 10444
1810 2445
12782 4034
2075 9273
6628 12182
6772 131
2236 6833
3681 7761
7235 1429
7643 3850
5130 12826
12856 11179
10964 10594
1463 7694
317 3470
4018 325
9296 2447
8553 8213
6797 4530
2644 9126
2252 1296
4872 10186
12035 9006
12445 10079
3557 7426
5976 10367
311 6587
5592 5463
11128 10766
2113 9068
6405 12483
7017 3109
5063 10472
11007 9090
2424 9401
12831 11788
7077 8645
12142 6998
6800 3707
708 9160
7008 10417
100 6226
1998 950
11521 5620
2081 12714
437 10448
4673 4880
11872 9320
1137 3865
13105 12029
4953 6074
1240 4886
1059 3064
1494 2104
8247 2550
8400 12478
4398 11063
5568 10085
7567 6473
8984 2376
11116 10945
9943 7069
858 9404
12664 2714
3342 4550
5656 3433
6730 13007
11368 10396
11434 2340
4650 2106
10416 12735
11694 996
5915 4566
6886 3165
1136 11923
893 7396
1721 5100
2635 12342
2970 11800
6692 11515
5880 8855
5313 8859
3238 4001
11554 6862
3415 5297
3057 6116
2696 7116
7660 2837
12422 12738
9877 6559
12212 7121
7064 2026
10300 7037
11967 9488
7252 4835
3277 7164
2802 9678
8565 7990
10916 8831
6558 3855
4423 4458
9977 10545
3153 10866
7909 11512
1789 12798
6925 7722
8016 4342
5128 5464
5918 3496
2655 4467
9767 6804
2240 5337
12460 4552
11939 8211
9315 6784
8256 3007
2259 12465
6177 7614
2738 2116
11083 3137
1420 9672
10402 11366
9479 10097
9374 638
1573 12047
12583 5544
9100 4775
4967 9304
11729 7617
13025 5702
12230 4405
1728 7062
6428 2822
8098 4055
6921 4043
12147 7172
7483 6366
12872 10813
234 4481
9674 1317
7214 7586
3315 405
11643 7923
3447 106
672 12126
4932 2521
10708 8484
9146 13062
11598 9646
12580 2671
6898 4563
8200 12086
4216 1284
157 5917
666 1566
1088 10284
8117 3427
6286 9445
1213 9878
9740 3657
7091 940
3490 4258
9084 4203
5258 2088
10314 3666
10297 11912
7993 3860
3723 13104
301 6471
10293 11949
1893 13033
5745 12222
7534 10750
6553 3743
10652 1440
8500 7854
6189 12783
5508 7571
11849 11556
2964 3274
5190 2787
10102 6276
9259 5202
9670 2370
9408 5909
1081 4612
12096 1461
5105 5259
11441 11728
13074 2044
5334 2151
9200 513
427 1500
167 4796
3237 8019
2617 8459
669 7341
5428 8696
8065 3483
8999 10584
2033 955
11773 12663
13130 1922
11072 5072
8498 7293
10457 903
4045 5407
541 10546
4356 11109
3403 671
5736 6426
3966 6183
12021 12739
2623 12004
2502 11983
8982 10845
2704 8533
5369 8318
11499 834
5122 6940
5118 148
7769 12720
11313 10720
11940 9540
1343 248
7940 12475
11532 11722
250 11000
5679 12040
92 8413
10573 4127
7325 12932
4519 9668
8115 2725
10169 5025
4535 4389
11492 11813
8250 2915
5083 3985
2480 11094
12469 11930
2093 331
2023 6274
9692 5681
3411 6608
11137 6532
7804 6045
3212 8087
7517 140
4245 1471
2293 549
7829 5877
3192 7183
5916 3179
10527 1592
2166 587
13013 10038
8175 9102
9221 3776
7370 3356
1513 6728
12048 502
7943 13061
12588 1785
4032 7080
87 3242
332 5631
11438 8
2464 2670
4292 9237
1677 2080
9710 10705
12184 539
8363 12854
6012 11720
12660 4147
4734 7756
12977 1624
2699 6241
7951 8923
7822 12467
4583 11446
923 2324
3491 1157
1332 3686
1689 10955
11966 2175
10759 9366
3928 10299
4349 7758
8607 7559
5117 11373
8581 11721
7973 8361
1251 1714
767 11576
12247 3574
11736 6077
7636 492
9702 4040
9804 532
10290 6897
11473 1650
10882 3779
1129 9900
4819 9236
5199 10387
2486 7898
1543 7438
7541 1142
3581 5721
975 11111
7222 12365
4974 7998
3518 10482
8602 11066
7556 8328
6335 11820
2388 4295
8570 9566
5498 3835
12458 8705
3995 6374
12165 2392
6958 8994
9690 670
7119 6667
719 5246
4721 1222
8440 3817
5888 6949
2976 13002
2352 11999
5028 11994
4230 11242
2542 746
11890 5813
1077 3255
629 10042
409 10599
350 10873
11226 3556
10476 1148
1800 1312
12942 6171
2049 1822
1355 11599
2517 5522
4095 1638
339 2599
5538 6662
12796 2177
5507 12340
12344 1028
9569 7414
9594 3950
3481 11575
4785 10632
10310 737
6789 9134
5752 596
2732 10032
8649 4153
2390 7717
11367 3809
1765 5112
4954 9334
8104 7181
9593 1571
4925 1885
9737 6962
6300 10199
1504 11186
1349 3765
3798 10874
6327 4969
3103 5328
11834 2058
448 9330
6265 10398
5540 9195
1886 6763
221 4434
1112 3045
13097 8900
11357 7904
1295 12925
2711 1740
2875 1192
4905 849
7751 2188
12755 12883
12408 1651
408 11159
10187 3260
17 1847
4063 7118
6143 4296
5902 3049
5652 5982
6433 4726
2789 4508
134 5282
5760 1683
3300 2314
9345 10997
6095 7640
3027 12357
1481 11950
9671 3183
273 265
8129 6894
8035 8810
12551 7662
8207 7676
6776 12507
3659 12684
2790 2776
5583 2466
12871 1911
3117 2632
2648 2484
11908 3099
8436 2294
8740 8230
3185 734
9300 7295
12526 1048
11986 6092
77 5575
7641 9660
7852 4966
3444 9641
12685 10911
9482 9894
9945 7300
1775 1878
7234 10513
12762 8084
10645 10930
2878 6094
7472 854
11218 7130
8425 7896
6703 4251
6604 11555
12437 5925
1769 4797
1275 5535
9567 10835
8860 10853
12284 7915
11756 7274
7151 3611
1544 11683
1202 10630
4107 5286
11628 4409
3115 8292
3471 7036
13076 6430
5314 6083
11549 4239
11665 4229
1226 11227
6164 10397
11586 11846
9779 8473
10392 12339
5597 6490
8243 9544
1083 6625
2186 8203
5230 3046
10410 12868
9611 12918
6845 6020
7101 844
6257 3120
8983 5543
2592 12000
1739 2336
6184 6736
7566 2329
8765 1144
168 3760
5459 7459
8319 11436
3722 4641
9776 4714
8142 7938
2270 3775
10642 6971
2213 9447
6946 4500
11607 8586
11155 8107
5152 12645
5822 6251
6004 12138
6103 9156
6858 1829
1589 9389
3500 12237
9136 10937
3290 8366
7107 4529
12146 3634
9027 10973
730 2069
9209 7631
10674 2127
10466 1819
9013 6381
1883 3239
9493 7054
2747 4046
4094 12168
12181 6598
13113 5893
10827 12785
9972 4750
5484 2788
6596 1600
117 5192
11505 1965
3304 2479
2606 3834
7434 8326
6069 8364
6976 2018
5930 12235
862 8976
8925 12794
9120 7879
3929 1366
11251 5624
11622 7061
7812 3353
6081 8379
9814 12016
11551 7449
7505 11413
4984 808
10522 3903
2153 10614
8641 7479
11132 1287
10644 8531
2150 5285
5616 10025
12453 10109
9323 12208
6792 8752
5147 12421
11067 1005
4345 11009
6296 9258
9235 12617
8907 4572
11428 1930
8844 9505
9362 7196
2163 9512
7326 2826
10096 12191
4588 4940
138 13047
8171 3613
7340 10754
3323 5978
6901 2137
5477 4557
6427 9590
11517 8183
11896 5187
283 7674
5582 6677
10500 1169
9681 12974
4912 8784
8811 159
6488 5531
4470 7289
12464 1198
563 11300
3700 592
5734 8092
5682 3201
2929 1526
185 6722
2845 430
3728 2744
11952 10486
12286 9388
11587 13060
7346 3273
3063 2839
12156 5856
6707 10640
2413 12514
6859 726
10691 7204
7920 1084
5806 10164
7305 10
1243 1109
222 7856
11348 9953
8249 4178
10185 1692
3803 1916
2562 1553
12194 12943
662 7360
3843 7841
4257 12620
526 5557
2410 12430
9400 3888
369 12305
1210 5833
8786 7619
1797 9752
1034 1635
643 8155
2067 6835
5294 6332
10811 10784
12633 608
8444 12990
11865 4678
12830 9722
10058 12728
2557 1975
3299 8631
3322 12452
4924 12389
1674 126
5886 6985
5080 6007
4362 5900
2719 3484
11704 824
3451 10208
9499 6245
10028 404
2269 4238
10107 4281
10143 11393
4357 8748
8306 3379
8028 9316
1928 2226
9960 2185
4884 257
4415 10353
5367 3679
7954 10356
3382 12440
2218 5589
5622 2267
5037 4615
4141 7819
2730 4715
9939 7489
8325 9825
7989 2897
10574 605
4438 2771
1673 6096
4421 1291
8050 7023
4937 5488
12585 1629
12639 11745
8030 7766
6216 8224
12069 8231
3570 8403
4100 3549
8605 12544
12220 6142
828 5829
5550 8173
4340 9399
12680 11737
3612 3015
1244 278
2695 11277
794 7399
8000 12157
5406 5699
10881 4992
2195 5157
4064 2408
7928 4727
10251 10150
5869 2148
8263 10771
2280 318
10034 11288
6198 7535
12479 11349
9359 10548
3598 1872
5260 10620
7192 700
10056 6526
150 8394
8302 8872
2490 6232
10174 3576
12781 4372
5245 9056
12917 452
6599 8589
6798 13008
9696 11926
5166 9352
10534 9621
5926 3056
951 5257
10361 11362
4934 2681
11693 4516
9082 9183
2228 4026
2478 12120
3097 5700
1774 2426
5036 3473
9578 193
9925 9575
2330 5732
13085 8192
12457 5536
8466 2785
4367 2212
614 10549
12183 9531
595 3219
198 11910
1357 2396
9130 10794
3295 5397
8757 4830
10166 6647
12045 5236
3626 7063
4347 10502
7585 2809
6613 4083
5494 12434
1869 8452
12031 8223
11340 3644
4605 8042
2497 4596
9600 9596
4717 8895
5714 6801
4058 920
6084 2933
1234 12716
4851 1701
1293 7079
9240 12321
6365 3764
8228 1867
3442 4870
4068 5528
7573 5662
6591 9205
2761 796
7000 8937
10801 1303
1474 673
661 67
11354 12442
759 5164
879 1002
3885 12892
10489 3152
7590 11401
1646 11098
9411 12979
3746 2869
2957 7007
9633 525
10815 707
2360 12761
800 12693
517 5816
1760 3402
11060 11140
9321 11603
11224 6089
589 7404
7992 4050
9290 5546
3337 6915
3726 10371
4722 10638
4400 11095
2493 8827
10061 2385
8972 4124
5572 9119
12119 4302
11306 6816
2951 4818
6547 4269
4136 9700
10879 5920
902 12425
412 1706
6771 7741
11370 5873
1663 8370
4360 272
10959 4959
5123 1403
12320 4015
4772 12243
10272 8472
3763 11299
3002 2647
5938 12091
8446 8428
2131 12995
8963 84
11899 5823
147 8842
6659 757
9434 9602
9250 361
9969 8317
6871 9199
1353 5778
3689 10968
10103 12862
3772 5885
379 63
3181 2724
10869 3248
819 1662
2673 6130
3522 8936
415 1853
6505 10159
4565 12118
7827 4822
5708 523
6162 8422
7128 12668
7132 12741
6602 3856
10854 10080
9930 1515
12294 3393
5971 8416
9094 11548
9047 7538
11659 5390
12560 11931
6880 10249
6397 11486
1920 334
10139 7533
12402 7415
6819 6926
291 11743
3149 2996
66 1574
3864 839
5237 12015
12956 10217
5306 568
6481 9166
5921 1977
4997 1337
6939 12008
7815 8164
10976 2631
6048 12395
3009 9002
7115 8713
8354 10728
11674 9742
7931 11296
10894 8014
10405 12103
11122 3126
3254 8507
7926 6070
4544 6040
11051 3732
1421 11361
8421 8027
8116 7217
735 4996
12238 6570
4419 2013
8486 3890
11538 1382
2559 4564
6869 3161
10929 3347
13146 5763
8012 8136
4688 7632
6512 10915
2833 6698
10649 4606
2121 2042
843 8746
4972 4030
9019 1996
69 9716
5545 6025
8251 1914
95 8683
6128 6246
11139 4926
3893 5363
11768 6705
10871 5781
11148 210
7589 10275
5835 10780
4942 11958
10334 8240
2382 6955
6770 11255
807 4047
37 4397
12270 3646
5091 5143
8238 9659
1319 9403
7514 8568
6909 9357
8163 2077
5465 980
2722 7168
1696 6272
11829 4383
2114 6213
2366 8698
4540 7845
1548 6215
8672 7575
3506 5030
12327 3102
5445 11601
1567 11093
9478 9262
12185 3750
2158 10046
7042 1620
10441 2877
7946 5479
3478 1372
178 4273
6941 9014
9080 4610
4174 9045
11469 308
6005 8821
2108 10146
2489 4478
3107 1499
3492 623
4085 9311
12041 1488
11582 5989
9012 10655
11003 5185
8391 2142
3309 8655
1718 12319
2099 12695
8063 2091
3264 1449
12756 8309
6087 8891
1632 12689
3881 12364
9809 7228
4000 13039
3899 2522
10587 7602
8954 11262
1754 12727
9361 5666
3068 8081
7659 5594
2791 5027
1790 8697
10893 3266
3454 2141
11420 4669
2554 1725
4366 9871
5590 1946
5446 1881
12688 5541
5690 4165
9661 10961
11936 12635
6308 5340
10956 7975
9538 6891
9756 10565
5238 8138
11146 9337
4752 4567
1301 7726
11918 12980
4955 6644
9294 2811
217 8141
11341 10542
8202 5048
1189 7512
4361 12536
12851 11204
7738 9169
8700 9932
11762 3673
12570 11264
11028 2144
12708 8522
8689 8511
7092 3395
